# mol new 4un3.pdb

# set sel [atomselect top "(nucleic or protein) and within 9 of (resid 5 to 7 and chain D)"]
# $sel get resid
# 60 residues in total

chain B and resid 54 1096 1101 1105 1106 1107 1114 1118 1119 1120 1134 1135 1136 1137 1138 1139 1140 1141 1142 1165 1166 1167 1200 1201 1213 1214 1215 1216 1217 1218 1219 1220 1221 1222 1314 1317 1318 1319 1320 1321 1322 1323 1332 1333 1335 1336 1337 1339 
chain C and resid 4 5 6 7 8 
chain D and resid 3 4 5 6 7 8 9 



# set sel [atomselect top "(nucleic or protein) and within 10 of (resid 5 to 7 and chain D)"]
# 76 residues in total

chain B and resid 14 54 55 1096 1099 1101 1105 1106 1107 1111 1114 1116 1117 1118 1119 1120 1134 1135 1136 1137 1138 1139 1140 1141 1142 1163 1164 1165 1166 1167 1168 1200 1201 1213 1214 1215 1216 1217 1218 1219 1220 1221 1222 1314 1317 1318 1319 1320 1321 1322 1323 1324 1331 1332 1333 1334 1335 1336 1337 1338 1339 
chain C and resid 3 4 5 6 7 8 9 
chain D and resid 2 3 4 5 6 7 8 9 




# set sel [atomselect top "(nucleic or protein) and within 11 of (resid 5 to 7 and chain D)"]
# 90 residues in total
# Currently using

chain B and resid 14 53 54 55 1096 1097 1099 1101 1104 1105 1106 1107 1108 1109 1111 1114 1116 1117 1118 1119 1120 1134 1135 1136 1137 1138 1139 1140 1141 1142 1163 1164 1165 1166 1167 1168 1170 1198 1199 1200 1201 1202 1212 1213 1214 1215 1216 1217 1218 1219 1220 1221 1222 1223 1314 1315 1317 1318 1319 1320 1321 1322 1323 1324 1330 1331 1332 1333 1334 1335 1336 1337 1338 1339 
chain C and resid 3 4 5 6 7 8 9 
chain D and resid 2 3 4 5 6 7 8 9 10



# set sel [atomselect top "(nucleic or protein) and within 12 of (resid 5 to 7 and chain D)"]
# 100 residues in total

chain B and resid 14 52 53 54 55 57 980 1096 1097 1098 1099 1100 1101 1102 1104 1105 1106 1107 1108 1109 1111 1114 1116 1117 1118 1119 1120 1133 1134 1135 1136 1137 1138 1139 1140 1141 1142 1143 1163 1164 1165 1166 1167 1168 1170 1198 1199 1200 1201 1202 1212 1213 1214 1215 1216 1217 1218 1219 1220 1221 1222 1223 1313 1314 1315 1316 1317 1318 1319 1320 1321 1322 1323 1324 1330 1331 1332 1333 1334 1335 1336 1337 1338 1339 
chain C and resid 3 4 5 6 7 8 9 
chain D and resid 2 3 4 5 6 7 8 9 10 



# set sel [atomselect top "(nucleic or protein) and within 13 of (resid 5 to 7 and chain D)"]
# 113 residues in total

chain B and resid 13 14 52 53 54 55 57 977 980 1096 1097 1098 1099 1100 1101 1102 1104 1105 1106 1107 1108 1109 1111 1114 1116 1117 1118 1119 1120 1121 1133 1134 1135 1136 1137 1138 1139 1140 1141 1142 1143 1163 1164 1165 1166 1167 1168 1169 1170 1185 1198 1199 1200 1201 1202 1203 1211 1212 1213 1214 1215 1216 1217 1218 1219 1220 1221 1222 1223 1225 1286 1311 1313 1314 1315 1316 1317 1318 1319 1320 1321 1322 1323 1324 1325 1330 1331 1332 1333 1334 1335 1336 1337 1338 1339 1340 
chain C and resid 2 3 4 5 6 7 8 9 
chain D and resid 2 3 4 5 6 7 8 9 10